7702
8033
8167
8170
8337
8395
8913
9147
9149
9153
9154
9466
9532
9556
10004
10061
10062
10065
10143
10528
10531
10532
10534
10617
10705
10707
10944
10946
11036
11215
11268
11274
11340
11355
12042
12044
12115
12116
12273
12319
12490
14140
14534
14536
15236
15237
15294
15779
15896
16001
16105
16108
16110
16111
16114
16117
16241
16243
16326
16331
16384
16480
16481
16484
16487
16675
17029
17373
17374
17378
18053
18078
18109
18112
18113
18654
18872
18873
18978
20044
20194
20485
23310
24113
24405
33329
34165
34191
34266
34267
34268
34269
34303
34304
34306
34318
34324
34334
34354
34429
35037
35616
35617
35618
35619
35623
35624
36578
36606
36608
36915
36916
37719
37727
37997
37998
38000
39481
39746
39761
41923
42210
42213
43122
44063
44066
44071
44130
44176
44179
44637
44638
45596
45599
45600
46028
46100
47498
48001
48100
48138
48335
48501
48503
48514
48517
48518
48520
48521
48522
48704
48764
48802
48805
48842
48848
48853
49043
49384
49635
49664
49668
50140
50413
50439
50492
50539
50540
50552
50554
50598
50600
50890
51990
51991
51993
52108
52584
52681
53413
53415
53418
53419
53421
53425
54609
54611
54614
55046
55203
55540
55580
55818
55819
55820
55822
55824
55825
56376
57168
57192
57193
57194
57215
57380
57381
57382
57384
57387
58129
58159
58399
58400
58535
58635
59226
59264
59265
59276
59561
59969
60101
60108
60109
60110
60111
60112
60113
60122
60123
60202
60310
60369
60443
60578
60808
61162
61267
61326
61356
61370
61798
61800
61911
61912
61913
61914
62002
62004
62005
62006
62007
62008
62009
62157
62190
62194
62268
62927
62948
62949
62950
62991
63141
63706
63707
63728
64369
64373
64376
64499
64501
64503
64504
64505
64684
64703
64704
64705
64834
64835
64874
65054
65055
65063
65416
65598
65599
65744
66032
66033
66082
66126
66359
66491
66492
66881
67430
67535
67738
67741
67742
67743
67744
67745
67746
67747
67752
67842
67843
67845
68111
68112
68258
68340
68497
69052
69053
69105
69212
69226
69650
69664
69665
69666
69669
69674
69675
69678
69679
69700
69701
69752
69948
70037
70186
70315
70316
70317
70318
70319
70408
70608
70609
70774
70777
70902
70903
71771
71772
71853
71854
71855
71856
71857
71896
71897
71902
72034
72035
72039
72040
72042
72113
72335
72336
72373
72705
72773
72848
72931
72971
72982
73229
73257
73258
73261
73262
73263
73264
73265
73305
73356
73372
73563
73564
73565
73780
73781
73784
73785
73786
73795
73796
74033
74713
74714
74715
74716
74717
74718
74719
74722
74754
75139
75140
75725
76749
76751
76752
77247
77397
77584
77748
77749
77750
77751
77752
77753
77754
77807
77885
77886
78125
78319
78320
78321
78324
78325
78333
78334
78351
78364
78393
78407
78415
78457
78459
78465
78467
78468
78469
78470
78471
78472
78473
78474
78842
78858
78859
78860
78861
78862
78864
78865
78866
78869
78871
78872
78873
78874
78875
78876
78878
79242
79243
79244
79245
79246
79316
79317
79318
79348
79351
79388
79542
79675
79689
79693
79694
79695
79696
79698
79699
79700
79751
79752
79753
79787
79857
79878
79883
79893
79906
79907
79923
79924
79925
79926
79927
79928
79929
79945
79946
80026
80033
80059
80060
80061
80067
80074
80075
80076
80077
80078
80110
80111
80112
80113
80114
80115
80331
80408
80409
80451
80455
80456
80470
80471
80476
80488
80497
80711
80757
80758
80761
80762
80763
80817
80853
80854
80902
80928
80930
80931
80932
80933
80960
80980
80990
81024
81025
81028
81030
81031
81055
81086
81180
81235
81237
81238
81239
81254
81265
81266
81267
81269
81274
81299
81308
81320
81362
81375
81376
81377
81379
81380
81474
81475
81476
81498
81499
81522
81634
81702
81703
81704
81705
81706
81707
81708
81709
81710
81711
81740
81741
81742
81743
81744
81745
81746
81747
81748
81749
81750
81751
81755
81761
81762
81763
81764
81765
81766
81767
81768
81786
81792
81830
81831
81832
81833
81834
81835
81837
81838
81839
81840
81841
81842
81843
81844
81845
81846
81847
81848
81849
81850
81852
81853
81854
81855
81856
81857
81858
81859
81860
81861
81862
81867
81889
81891
81892
81893
81894
81895
81896
81897
81898
81899
81900
81901
81902
81903
81904
81905
81906
81907
81925
81926
81928
81929
81931
81932
81933
81934
81935
81937
81953
81954
81955
81956
81957
81981
81983
81985
81996
82018
82019
82023
82030
82036
82049
82050
82051
82052
82053
82064
82065
82110
82111
82112
82113
82114
82115
82116
82117
82118
82119
82125
82126
82127
82143
82144
82147
82148
82172
82173
82180
82181
82182
82183
82184
82194
82197
82198
82199
82215
82216
82217
82218
82219
82220
82221
82222
82223
82224
82225
82226
82227
82228
82229
82231
82232
82233
82234
82235
82236
82239
82240
82241
82255
82263
82264
82268
82272
82278
82279
82280
82281
82285
82286
82288
82289
82290
82291
82435
82461
82462
82463
82464
82465
82472
82481
82482
82483
82536
82537
82612
82613
82618
82619
82620
82621
82622
82623
82624
82626
82627
82628
82629
82630
82631
82632
82634
82635
82651
82652
82653
82654
82655
82656
82684
82685
82686
82687
82688
82689
82690
82691
82692
82693
82712
82713
82714
82718
82719
82747
82748
82750
82751
82752
82753
82759
82760
82761
82762
82763
82764
82765
82766
82767
82768
82774
82775
82777
82815
82869
82870
82873
82875
82876
82891
82892
82893
82894
82904
82905
82913
82914
82915
82916
82917
82918
82919
82920
82921
82923
82926
82929